http://www.howardgrubb.co.uk/athletics/data/wavacalc15.xls

Event	isRoad	dist(km)	OC	5	6	7	8	9	10	11	12	13	14	15	16	17	18	19	20	21	22	23	24	25	26	27	28	29	30	31	32	33	34	35	36	37	38	39	40	41	42	43	44	45	46	47	48	49	50	51	52	53	54	55	56	57	58	59	60	61	62	63	64	65	66	67	68	69	70	71	72	73	74	75	76	77	78	79	80	81	82	83	84	85	86	87	88	89	90	91	92	93	94	95	96	97	98	99	100

F100m	100m	0	0.1	10.49	0.5333	0.6647	0.743	0.797	0.8369	0.8678	0.8924	0.9123	0.9288	0.9425	0.954	0.9637	0.9719	0.9789	0.9848	0.9897	0.9939	0.9973	1	1	1	1	1	1	1	1	1	1	1	1	1	1	0.9899	0.9781	0.9663	0.9545	0.944	0.9335	0.923	0.9125	0.902	0.8926	0.8832	0.8739	0.8645	0.8551	0.8466	0.8381	0.8297	0.8212	0.8127	0.805	0.7974	0.7897	0.7821	0.7744	0.7674	0.7604	0.7535	0.7465	0.7395	0.7331	0.7267	0.7204	0.714	0.7076	0.6983	0.689	0.6798	0.6705	0.6612	0.6538	0.6465	0.6391	0.6318	0.6244	0.6071	0.5898	0.5725	0.5552	0.5379	0.5215	0.5052	0.4888	0.4725	0.4561	0.4348	0.4135	0.3923	0.371	0.3497	0.3281	0.3065	0.2849	0.2633	0.2417
F200m	200m	0	0.2	21.34	0.5006	0.6287	0.7079	0.764	0.8066	0.8404	0.8678	0.8907	0.9099	0.9263	0.9405	0.9528	0.9635	0.9728	0.9811	0.9882	0.9945	1	1	1	1	1	1	1	1	1	1	1	1	1	1	0.994	0.9813	0.9687	0.956	0.9434	0.9323	0.9211	0.91	0.8988	0.8877	0.8778	0.8679	0.858	0.8481	0.8382	0.8293	0.8205	0.8116	0.8028	0.7939	0.7859	0.7779	0.77	0.762	0.754	0.7468	0.7396	0.7324	0.7252	0.718	0.7114	0.7049	0.6983	0.6918	0.6852	0.6792	0.6732	0.6673	0.6613	0.6553	0.6428	0.6303	0.6178	0.6053	0.5928	0.5759	0.5589	0.542	0.525	0.5081	0.4886	0.469	0.4495	0.4299	0.4104	0.3911	0.3718	0.3524	0.3331	0.3138	0.2994	0.285	0.2705	0.2561	0.2417
F300m	300m	0	0.3	33	0.4912	0.6114	0.6884	0.7443	0.7876	0.8225	0.8514	0.8758	0.8967	0.9148	0.9306	0.9445	0.9569	0.9679	0.9777	0.9865	0.9944	1	1	1	1	1	1	1	1	1	1	1	1	0.9954	0.9823	0.9709	0.9594	0.9479	0.9364	0.925	0.9148	0.9046	0.8944	0.8842	0.874	0.8648	0.8557	0.8466	0.8375	0.8283	0.8201	0.8119	0.8037	0.7955	0.7872	0.7798	0.7723	0.7649	0.7575	0.75	0.7433	0.7365	0.7297	0.7229	0.7162	0.7076	0.699	0.6904	0.6818	0.6732	0.6628	0.6525	0.6422	0.6319	0.6215	0.6094	0.5973	0.5851	0.573	0.5609	0.5457	0.5306	0.5154	0.5003	0.4851	0.4688	0.4525	0.4362	0.4199	0.4036	0.386	0.3684	0.3508	0.3332	0.3156	0.3008	0.2861	0.2712	0.2565	0.2417
F400m	400m	0	0.4	47.6	0.4819	0.5939	0.6688	0.7246	0.7686	0.8047	0.8351	0.8609	0.8835	0.9032	0.9207	0.9363	0.9503	0.963	0.9744	0.9848	0.9943	1	1	1	1	1	1	1	1	1	1	0.9927	0.9811	0.9696	0.958	0.9477	0.9374	0.9271	0.9168	0.9065	0.8972	0.888	0.8787	0.8695	0.8602	0.8518	0.8435	0.8351	0.8268	0.8184	0.8108	0.8032	0.7957	0.7881	0.7805	0.7736	0.7667	0.7598	0.7529	0.746	0.7397	0.7333	0.727	0.7206	0.7143	0.7037	0.693	0.6824	0.6717	0.6611	0.6464	0.6317	0.6171	0.6024	0.5877	0.5759	0.5642	0.5524	0.5407	0.5289	0.5155	0.5022	0.4888	0.4755	0.4621	0.449	0.4359	0.4229	0.4098	0.3967	0.3808	0.3649	0.3491	0.3332	0.3173	0.3022	0.2871	0.2719	0.2568	0.2417
F500m	500m	0	0.5	63.7	0.5111	0.6116	0.681	0.734	0.7765	0.8117	0.8415	0.867	0.8892	0.9086	0.9257	0.9408	0.9542	0.9661	0.9767	0.9862	0.9947	1	1	1	1	1	1	1	1	1	1	1	0.9954	0.9843	0.973	0.963	0.953	0.943	0.933	0.9229	0.9139	0.9049	0.8958	0.8868	0.8777	0.8695	0.8614	0.8531	0.845	0.8368	0.8283	0.8197	0.8113	0.8028	0.7943	0.7862	0.7781	0.77	0.7618	0.7537	0.7453	0.7368	0.7284	0.7199	0.7114	0.7001	0.6887	0.6774	0.666	0.6547	0.6399	0.6251	0.6104	0.5956	0.5809	0.5687	0.5566	0.5444	0.5323	0.5201	0.5068	0.4937	0.4804	0.4672	0.454	0.4411	0.4281	0.4153	0.4024	0.3895	0.3743	0.3592	0.3442	0.329	0.3139	0.2995	0.2851	0.2706	0.2561	0.2417
F600m	600m	0	0.6	80	0.5404	0.6292	0.6933	0.7434	0.7844	0.8187	0.8479	0.8731	0.8949	0.914	0.9306	0.9452	0.958	0.9692	0.979	0.9876	0.995	1	1	1	1	1	1	1	1	1	1	1	1	0.9989	0.9881	0.9783	0.9686	0.9589	0.9491	0.9394	0.9305	0.9217	0.9129	0.9041	0.8953	0.8872	0.8792	0.8712	0.8632	0.8551	0.8457	0.8363	0.8269	0.8175	0.8081	0.7988	0.7894	0.7801	0.7708	0.7615	0.7509	0.7403	0.7297	0.7191	0.7086	0.6965	0.6845	0.6724	0.6604	0.6483	0.6335	0.6186	0.6038	0.5889	0.574	0.5615	0.5489	0.5364	0.5238	0.5113	0.4982	0.4851	0.472	0.459	0.4459	0.4331	0.4204	0.4077	0.395	0.3822	0.3679	0.3535	0.3392	0.3249	0.3105	0.2968	0.283	0.2692	0.2555	0.2417
F800m	800m	0	0.8	113.28	0.5989	0.6645	0.7177	0.7622	0.8001	0.8327	0.8609	0.8853	0.9064	0.9247	0.9406	0.9541	0.9656	0.9755	0.9836	0.9903	0.9957	1	1	1	1	1	1	1	1	1	1	1	1	1	1	1	0.9997	0.9906	0.9814	0.9722	0.9638	0.9554	0.9471	0.9387	0.9303	0.9226	0.9149	0.9072	0.8995	0.8918	0.8806	0.8693	0.8581	0.8468	0.8356	0.8239	0.8121	0.8004	0.7886	0.7769	0.7621	0.7473	0.7324	0.7176	0.7028	0.6893	0.6759	0.6624	0.649	0.6355	0.6205	0.6054	0.5904	0.5753	0.5603	0.547	0.5336	0.5203	0.5069	0.4936	0.4808	0.468	0.4552	0.4424	0.4296	0.4172	0.4048	0.3925	0.3801	0.3677	0.3549	0.3421	0.3293	0.3165	0.3037	0.2913	0.2789	0.2665	0.2541	0.2417
F1000m	1000m	0	1	146.5	0.6157	0.6699	0.7185	0.7623	0.8016	0.8367	0.8676	0.8947	0.918	0.9379	0.9545	0.9681	0.9792	0.9879	0.9946	0.9997	1	1	1	1	1	1	1	1	1	1	1	1	1	1	1	0.9996	0.9912	0.9827	0.9738	0.9647	0.9559	0.9469	0.938	0.9289	0.9198	0.9113	0.9028	0.8942	0.8856	0.8771	0.8661	0.8549	0.8439	0.8327	0.8217	0.8103	0.7988	0.7874	0.7759	0.7645	0.7509	0.7373	0.7236	0.7099	0.6963	0.6836	0.671	0.6583	0.6457	0.633	0.6192	0.6054	0.5916	0.5778	0.564	0.5515	0.5389	0.5263	0.5137	0.5011	0.4888	0.4761	0.463	0.4496	0.4359	0.4221	0.4079	0.3935	0.3787	0.3635	0.3478	0.3316	0.3151	0.2983	0.2811	0.2639	0.2464	0.2284	0.2102	0.1916
F1500m	1500m	0	1.5	232.47	0.725	0.7579	0.7886	0.8171	0.8434	0.8675	0.8894	0.9091	0.9266	0.9419	0.955	0.967	0.979	0.9893	0.9961	0.9996	1	1	1	1	1	1	1	1	0.9998	0.9989	0.9971	0.9946	0.9913	0.9871	0.9822	0.9765	0.9701	0.9628	0.9547	0.9459	0.9362	0.9258	0.9151	0.9044	0.8937	0.8831	0.8724	0.8617	0.851	0.8403	0.8297	0.819	0.8083	0.7976	0.7869	0.7763	0.7656	0.7549	0.7442	0.7335	0.7229	0.7122	0.7015	0.6908	0.6801	0.6695	0.6588	0.6481	0.6374	0.6267	0.6161	0.6054	0.5947	0.584	0.5733	0.5627	0.552	0.5413	0.5306	0.5199	0.5087	0.4962	0.4825	0.4676	0.4515	0.4343	0.4158	0.3961	0.3752	0.3531	0.3299	0.3054	0.2797	0.2528	0.2247	0.1955	0.165	0.1333	0.1004	0.0663
FMile	1Mile	0	1.609344	251.6	0.725	0.7579	0.7886	0.8171	0.8434	0.8675	0.8894	0.9091	0.9266	0.9419	0.955	0.967	0.979	0.9893	0.9961	0.9996	1	1	1	1	1	1	1	1	0.9998	0.9989	0.9972	0.9948	0.9915	0.9875	0.9827	0.9771	0.9707	0.9636	0.9557	0.9469	0.9375	0.9272	0.9165	0.9058	0.8951	0.8844	0.8737	0.863	0.8523	0.8416	0.8309	0.8202	0.8095	0.7988	0.7881	0.7774	0.7667	0.756	0.7453	0.7346	0.7239	0.7132	0.7025	0.6918	0.6811	0.6704	0.6597	0.649	0.6383	0.6276	0.6169	0.6062	0.5955	0.5848	0.5741	0.5634	0.5527	0.542	0.5313	0.5206	0.5091	0.4965	0.4827	0.4678	0.4516	0.4343	0.4158	0.3961	0.3752	0.3532	0.3299	0.3055	0.2799	0.2532	0.2252	0.1961	0.1658	0.1343	0.1016	0.0677
F2km	2km	0	2	321.5	0.725	0.7579	0.7886	0.8171	0.8434	0.8675	0.8894	0.9091	0.9266	0.9419	0.955	0.967	0.979	0.9893	0.9961	0.9996	1	1	1	1	1	1	1	1	0.9999	0.9991	0.9976	0.9953	0.9923	0.9885	0.984	0.9787	0.9727	0.9659	0.9584	0.9501	0.9411	0.9313	0.9208	0.91	0.8992	0.8885	0.8777	0.867	0.8562	0.8454	0.8347	0.8239	0.8132	0.8024	0.7916	0.7809	0.7701	0.7594	0.7486	0.7378	0.7271	0.7163	0.7056	0.6948	0.684	0.6733	0.6625	0.6518	0.641	0.6302	0.6195	0.6087	0.598	0.5872	0.5764	0.5657	0.5549	0.5442	0.5334	0.5225	0.5106	0.4976	0.4834	0.4682	0.4517	0.4341	0.4154	0.3956	0.3746	0.3524	0.3292	0.3047	0.2792	0.2525	0.2246	0.1957	0.1655	0.1343	0.1019	0.0684
F3km	3km	0	3	501.42	0.725	0.7579	0.7886	0.8171	0.8434	0.8675	0.8894	0.9091	0.9266	0.9419	0.955	0.967	0.979	0.9893	0.9961	0.9996	1	1	1	1	1	1	1	1	1	0.9994	0.9981	0.9962	0.9935	0.9902	0.9861	0.9813	0.9759	0.9697	0.9628	0.9553	0.947	0.938	0.9283	0.918	0.9071	0.8962	0.8854	0.8745	0.8636	0.8527	0.8419	0.831	0.8201	0.8092	0.7984	0.7875	0.7766	0.7657	0.7549	0.744	0.7331	0.7222	0.7114	0.7005	0.6896	0.6787	0.6678	0.657	0.6461	0.6352	0.6243	0.6135	0.6026	0.5917	0.5808	0.57	0.5591	0.5482	0.5373	0.5257	0.5131	0.4993	0.4845	0.4686	0.4517	0.4336	0.4145	0.3942	0.3729	0.3506	0.3271	0.3026	0.277	0.2503	0.2225	0.1936	0.1637	0.1327	0.1006	0.0674
F2Mile	2Mile	0	3.218688	541.5	0.725	0.7579	0.7886	0.8171	0.8434	0.8675	0.8894	0.9091	0.9266	0.9419	0.955	0.967	0.979	0.9893	0.9961	0.9996	1	1	1	1	1	1	1	1	1	0.9994	0.9982	0.9963	0.9937	0.9904	0.9864	0.9817	0.9764	0.9703	0.9635	0.9561	0.9479	0.9391	0.9295	0.9193	0.9085	0.8976	0.8867	0.8758	0.8649	0.854	0.8431	0.8322	0.8213	0.8104	0.7995	0.7886	0.7777	0.7668	0.7559	0.745	0.7341	0.7232	0.7123	0.7014	0.6906	0.6797	0.6688	0.6579	0.647	0.6361	0.6252	0.6143	0.6034	0.5925	0.5816	0.5707	0.5598	0.5489	0.538	0.5263	0.5135	0.4997	0.4848	0.4688	0.4518	0.4337	0.4146	0.3944	0.3731	0.3508	0.3275	0.303	0.2775	0.251	0.2234	0.1947	0.165	0.1342	0.1023	0.0694
F4km	4km	0	4	683	0.725	0.7579	0.7886	0.8171	0.8434	0.8675	0.8894	0.9091	0.9266	0.9419	0.955	0.967	0.979	0.9893	0.9961	0.9996	1	1	1	1	1	1	1	1	1	0.9996	0.9985	0.9967	0.9943	0.9912	0.9874	0.983	0.9779	0.9721	0.9656	0.9585	0.9507	0.9422	0.9331	0.9233	0.9128	0.9019	0.8909	0.88	0.869	0.8581	0.8471	0.8361	0.8252	0.8142	0.8033	0.7923	0.7814	0.7704	0.7594	0.7485	0.7375	0.7266	0.7156	0.7047	0.6937	0.6827	0.6718	0.6608	0.6499	0.6389	0.628	0.617	0.606	0.5951	0.5841	0.5732	0.5622	0.5513	0.5401	0.528	0.5149	0.5007	0.4855	0.4693	0.4521	0.4339	0.4147	0.3944	0.3731	0.3508	0.3275	0.3031	0.2777	0.2514	0.2239	0.1955	0.1661	0.1356	0.1041	0.0716
F3Mile	3Mile	0	4.828032	833	0.725	0.7579	0.7886	0.8171	0.8434	0.8675	0.8894	0.9091	0.9266	0.9419	0.955	0.967	0.979	0.9893	0.9961	0.9996	1	1	1	1	1	1	1	1	1	0.9997	0.9987	0.997	0.9947	0.9918	0.9882	0.9839	0.979	0.9735	0.9673	0.9604	0.9529	0.9448	0.936	0.9265	0.9164	0.9056	0.8946	0.8836	0.8726	0.8616	0.8506	0.8396	0.8286	0.8176	0.8066	0.7955	0.7845	0.7735	0.7625	0.7515	0.7405	0.7295	0.7185	0.7075	0.6965	0.6854	0.6744	0.6634	0.6524	0.6414	0.6304	0.6194	0.6084	0.5974	0.5864	0.5753	0.5643	0.5533	0.5419	0.5294	0.516	0.5015	0.4861	0.4696	0.4522	0.4337	0.4143	0.3938	0.3724	0.3499	0.3265	0.302	0.2766	0.2501	0.2227	0.1942	0.1648	0.1343	0.1029	0.0704
F5kmRoad	5kmRoad	1	5	886	0.701	0.7343	0.7658	0.7954	0.8232	0.8493	0.8734	0.8958	0.9164	0.9351	0.952	0.968	0.984	0.996	1	1	1	1	1	1	1	1	1	1	1	1	0.9998	0.999	0.9977	0.9959	0.9935	0.9906	0.9871	0.9831	0.9785	0.9734	0.9678	0.9616	0.9549	0.9476	0.9398	0.9314	0.9225	0.9131	0.9034	0.8937	0.884	0.8743	0.8645	0.8548	0.8451	0.8354	0.8257	0.816	0.8063	0.7966	0.7869	0.7772	0.7674	0.7577	0.748	0.7383	0.7286	0.7189	0.7092	0.6995	0.6898	0.6801	0.6703	0.6606	0.6509	0.6412	0.6315	0.6218	0.612	0.6013	0.5897	0.5772	0.5637	0.5493	0.534	0.5177	0.5004	0.4823	0.4632	0.4431	0.4221	0.4002	0.3773	0.3535	0.3288	0.3031	0.2764	0.2489	0.2204	0.1909
F5km	5km	0	5	864.68	0.725	0.7579	0.7886	0.8171	0.8434	0.8675	0.8894	0.9091	0.9266	0.9419	0.955	0.967	0.979	0.9893	0.9961	0.9996	1	1	1	1	1	1	1	1	1	0.9997	0.9987	0.9971	0.9948	0.9919	0.9883	0.9841	0.9793	0.9737	0.9676	0.9608	0.9533	0.9452	0.9365	0.9271	0.917	0.9063	0.8953	0.8843	0.8733	0.8623	0.8512	0.8402	0.8292	0.8182	0.8072	0.7961	0.7851	0.7741	0.7631	0.7521	0.741	0.73	0.719	0.708	0.697	0.6859	0.6749	0.6639	0.6529	0.6419	0.6308	0.6198	0.6088	0.5978	0.5868	0.5757	0.5647	0.5537	0.5422	0.5297	0.5161	0.5016	0.4861	0.4696	0.4521	0.4335	0.414	0.3935	0.372	0.3495	0.3259	0.3014	0.2759	0.2494	0.2219	0.1933	0.1638	0.1333	0.1018	0.0692
F6kmRoad	6kmRoad	1	6	1071	0.693	0.7263	0.7578	0.7874	0.8152	0.8413	0.8654	0.8878	0.9084	0.9271	0.944	0.96	0.976	0.9893	0.9973	1	1	1	1	1	1	1	1	1	1	1	0.9998	0.999	0.9977	0.9958	0.9933	0.9904	0.9868	0.9827	0.9781	0.9728	0.9671	0.9608	0.9539	0.9465	0.9385	0.93	0.9209	0.9112	0.9013	0.8914	0.8815	0.8716	0.8616	0.8517	0.8418	0.8319	0.822	0.8121	0.8021	0.7922	0.7823	0.7724	0.7625	0.7526	0.7426	0.7327	0.7228	0.7129	0.703	0.693	0.6831	0.6732	0.6633	0.6534	0.6435	0.6335	0.6236	0.6137	0.6036	0.5926	0.5807	0.5678	0.554	0.5393	0.5236	0.507	0.4894	0.4709	0.4515	0.4311	0.4098	0.3875	0.3643	0.3402	0.3151	0.2891	0.2621	0.2342	0.2054	0.1756
F6km	6km	0	6	1051	0.725	0.7579	0.7886	0.8171	0.8434	0.8675	0.8894	0.9091	0.9266	0.9419	0.955	0.967	0.979	0.9893	0.9961	0.9996	1	1	1	1	1	1	1	1	1	0.9997	0.9988	0.9972	0.995	0.9922	0.9888	0.9848	0.9801	0.9749	0.969	0.9624	0.9553	0.9475	0.9391	0.9301	0.9205	0.9103	0.8994	0.8883	0.8771	0.866	0.8548	0.8437	0.8325	0.8214	0.8102	0.7991	0.7879	0.7768	0.7657	0.7545	0.7434	0.7322	0.7211	0.7099	0.6988	0.6876	0.6765	0.6653	0.6542	0.643	0.6319	0.6208	0.6096	0.5985	0.5873	0.5762	0.565	0.5539	0.5426	0.5305	0.5174	0.5033	0.4882	0.472	0.4549	0.4368	0.4177	0.3976	0.3765	0.3543	0.3312	0.3071	0.282	0.2559	0.2288	0.2007	0.1715	0.1414	0.1103	0.0782
F4MileRoad	4MileRoad	1	6.437376	1152	0.693	0.7263	0.7578	0.7874	0.8152	0.8413	0.8654	0.8878	0.9084	0.9271	0.944	0.96	0.976	0.9893	0.9973	1	1	1	1	1	1	1	1	1	1	1	0.9998	0.999	0.9977	0.9958	0.9933	0.9903	0.9867	0.9826	0.9779	0.9726	0.9668	0.9605	0.9535	0.946	0.938	0.9294	0.9202	0.9105	0.9005	0.8905	0.8805	0.8705	0.8605	0.8505	0.8405	0.8305	0.8205	0.8105	0.8005	0.7905	0.7805	0.7705	0.7605	0.7506	0.7406	0.7306	0.7206	0.7106	0.7006	0.6906	0.6806	0.6706	0.6606	0.6506	0.6406	0.6306	0.6206	0.6106	0.6004	0.5893	0.5772	0.5642	0.5503	0.5354	0.5196	0.5029	0.4852	0.4665	0.447	0.4265	0.405	0.3826	0.3593	0.335	0.3098	0.2837	0.2566	0.2285	0.1996	0.1697
F4Mile	4Mile	0	6.437376	1132	0.725	0.7579	0.7886	0.8171	0.8434	0.8675	0.8894	0.9091	0.9266	0.9419	0.955	0.967	0.979	0.9893	0.9961	0.9996	1	1	1	1	1	1	1	1	1	0.9997	0.9988	0.9972	0.9951	0.9924	0.989	0.985	0.9804	0.9752	0.9694	0.963	0.956	0.9483	0.9401	0.9312	0.9217	0.9117	0.901	0.8898	0.8786	0.8674	0.8562	0.845	0.8338	0.8226	0.8114	0.8002	0.789	0.7778	0.7666	0.7554	0.7443	0.7331	0.7219	0.7107	0.6995	0.6883	0.6771	0.6659	0.6547	0.6435	0.6323	0.6211	0.6099	0.5987	0.5875	0.5763	0.5651	0.5539	0.5427	0.5309	0.518	0.5041	0.4893	0.4734	0.4565	0.4387	0.4198	0.3999	0.3791	0.3572	0.3343	0.3105	0.2856	0.2598	0.2329	0.205	0.1762	0.1463	0.1154	0.0836
F8kmRoad	8kmRoad	1	8	1442	0.693	0.7263	0.7578	0.7874	0.8152	0.8413	0.8654	0.8878	0.9084	0.9271	0.944	0.96	0.976	0.9893	0.9973	1	1	1	1	1	1	1	1	1	1	1	0.9998	0.999	0.9976	0.9956	0.9931	0.99	0.9864	0.9821	0.9773	0.972	0.966	0.9595	0.9524	0.9447	0.9365	0.9276	0.9183	0.9083	0.8981	0.8878	0.8776	0.8673	0.8571	0.8468	0.8366	0.8263	0.8161	0.8058	0.7956	0.7854	0.7751	0.7649	0.7546	0.7444	0.7341	0.7239	0.7136	0.7034	0.6931	0.6829	0.6727	0.6624	0.6522	0.6419	0.6317	0.6214	0.6112	0.6009	0.5904	0.5788	0.5664	0.553	0.5387	0.5234	0.5072	0.4901	0.472	0.453	0.433	0.4121	0.3903	0.3675	0.3438	0.3191	0.2935	0.2669	0.2395	0.211	0.1817	0.1514
F8km	8km	0	8	1425	0.725	0.7579	0.7886	0.8171	0.8434	0.8675	0.8894	0.9091	0.9266	0.9419	0.955	0.967	0.979	0.9893	0.9961	0.9996	1	1	1	1	1	1	1	1	1	0.9997	0.9988	0.9974	0.9953	0.9927	0.9895	0.9857	0.9813	0.9764	0.9708	0.9647	0.958	0.9507	0.9428	0.9343	0.9253	0.9157	0.9055	0.8947	0.8834	0.872	0.8607	0.8493	0.838	0.8266	0.8153	0.804	0.7926	0.7813	0.7699	0.7586	0.7472	0.7359	0.7245	0.7132	0.7019	0.6905	0.6792	0.6678	0.6565	0.6451	0.6338	0.6224	0.6111	0.5997	0.5884	0.5771	0.5657	0.5544	0.543	0.5315	0.519	0.5055	0.491	0.4755	0.459	0.4416	0.4231	0.4036	0.3831	0.3616	0.3391	0.3157	0.2912	0.2657	0.2392	0.2117	0.1832	0.1537	0.1233	0.0918
F5MileRoad	5MileRoad	1	8.04672	1452	0.693	0.7263	0.7578	0.7874	0.8152	0.8413	0.8654	0.8878	0.9084	0.9271	0.944	0.96	0.976	0.9893	0.9973	1	1	1	1	1	1	1	1	1	1	1	0.9998	0.999	0.9976	0.9956	0.9931	0.99	0.9864	0.9821	0.9773	0.9719	0.966	0.9594	0.9523	0.9447	0.9364	0.9276	0.9182	0.9082	0.898	0.8877	0.8775	0.8672	0.857	0.8467	0.8365	0.8262	0.816	0.8057	0.7955	0.7852	0.775	0.7647	0.7545	0.7442	0.734	0.7237	0.7134	0.7032	0.6929	0.6827	0.6724	0.6622	0.6519	0.6417	0.6314	0.6212	0.6109	0.6007	0.5901	0.5786	0.5661	0.5527	0.5384	0.5231	0.5069	0.4897	0.4716	0.4526	0.4326	0.4117	0.3899	0.3671	0.3433	0.3187	0.293	0.2665	0.239	0.2106	0.1812	0.1509
F5Mile	5Mile	0	8.04672	1435	0.725	0.7579	0.7886	0.8171	0.8434	0.8675	0.8894	0.9091	0.9266	0.9419	0.955	0.967	0.979	0.9893	0.9961	0.9996	1	1	1	1	1	1	1	1	1	0.9997	0.9988	0.9974	0.9953	0.9927	0.9895	0.9857	0.9813	0.9764	0.9709	0.9647	0.958	0.9507	0.9429	0.9344	0.9254	0.9158	0.9056	0.8948	0.8835	0.8722	0.8608	0.8495	0.8381	0.8268	0.8154	0.8041	0.7927	0.7814	0.77	0.7587	0.7473	0.736	0.7246	0.7133	0.7019	0.6906	0.6792	0.6679	0.6565	0.6452	0.6338	0.6225	0.6111	0.5998	0.5884	0.5771	0.5657	0.5544	0.543	0.5315	0.519	0.5055	0.491	0.4756	0.4591	0.4416	0.4231	0.4037	0.3832	0.3617	0.3392	0.3157	0.2913	0.2658	0.2393	0.2118	0.1833	0.1539	0.1234	0.0919
F10kmRoad	10kmRoad	1	10	1820	0.693	0.7263	0.7578	0.7874	0.8152	0.8413	0.8654	0.8878	0.9084	0.9271	0.944	0.96	0.976	0.9893	0.9973	1	1	1	1	1	1	1	1	1	1	1	0.9998	0.9989	0.9975	0.9955	0.993	0.9898	0.986	0.9817	0.9768	0.9713	0.9652	0.9585	0.9512	0.9433	0.9349	0.9259	0.9162	0.906	0.8955	0.885	0.8745	0.864	0.8535	0.843	0.8325	0.822	0.8115	0.801	0.7905	0.78	0.7695	0.759	0.7485	0.738	0.7275	0.717	0.7065	0.696	0.6855	0.675	0.6645	0.654	0.6435	0.633	0.6225	0.612	0.6015	0.591	0.5801	0.5681	0.5553	0.5415	0.5268	0.5111	0.4945	0.4769	0.4585	0.439	0.4187	0.3973	0.3751	0.3519	0.3278	0.3027	0.2767	0.2497	0.2219	0.193	0.1633	0.1325
F10km	10km	0	10	1801.09	0.725	0.7579	0.7886	0.8171	0.8434	0.8675	0.8894	0.9091	0.9266	0.9419	0.955	0.967	0.979	0.9893	0.9961	0.9996	1	1	1	1	1	1	1	1	1	0.9997	0.9989	0.9975	0.9955	0.993	0.99	0.9863	0.9821	0.9774	0.9721	0.9662	0.9598	0.9528	0.9453	0.9372	0.9285	0.9193	0.9096	0.8992	0.8883	0.877	0.8655	0.854	0.8425	0.831	0.8195	0.808	0.7965	0.785	0.7735	0.762	0.7505	0.739	0.7275	0.716	0.7045	0.693	0.6815	0.67	0.6585	0.647	0.6355	0.624	0.6125	0.601	0.5895	0.578	0.5665	0.555	0.5435	0.532	0.52	0.507	0.493	0.478	0.462	0.445	0.427	0.408	0.388	0.367	0.345	0.322	0.298	0.273	0.247	0.22	0.192	0.163	0.133	0.102
F12km	12km	1	12	2194	0.693	0.7263	0.7578	0.7874	0.8152	0.8413	0.8654	0.8878	0.9084	0.9271	0.944	0.96	0.976	0.9893	0.9973	1	1	1	1	1	1	1	1	1	1	1	0.9998	0.9989	0.9975	0.9955	0.993	0.9898	0.986	0.9817	0.9768	0.9713	0.9652	0.9585	0.9512	0.9433	0.9349	0.9259	0.9162	0.906	0.8955	0.885	0.8745	0.864	0.8535	0.843	0.8325	0.822	0.8115	0.801	0.7905	0.78	0.7695	0.759	0.7485	0.738	0.7275	0.717	0.7065	0.696	0.6855	0.675	0.6645	0.654	0.6435	0.633	0.6225	0.612	0.6015	0.5908	0.5792	0.5667	0.5533	0.539	0.5238	0.5077	0.4907	0.4729	0.4541	0.4344	0.4139	0.3924	0.37	0.3468	0.3226	0.2976	0.2716	0.2448	0.2171	0.1884	0.1589	0.1285
F15km	15km	1	15	2755	0.5945	0.6382	0.6793	0.7178	0.7537	0.787	0.8177	0.8458	0.8713	0.8942	0.9145	0.9335	0.9525	0.9696	0.9829	0.9924	0.9981	1	1	1	1	1	1	1	1	0.9997	0.9989	0.9975	0.9956	0.9931	0.9901	0.9865	0.9823	0.9776	0.9724	0.9666	0.9602	0.9533	0.9458	0.9378	0.9293	0.9201	0.9105	0.9003	0.8898	0.8793	0.8688	0.8583	0.8478	0.8373	0.8268	0.8163	0.8058	0.7953	0.7848	0.7743	0.7638	0.7533	0.7428	0.7323	0.7218	0.7113	0.7008	0.6903	0.6798	0.6693	0.6588	0.6483	0.6378	0.6273	0.6168	0.6063	0.5956	0.5841	0.5718	0.5587	0.5447	0.5299	0.5142	0.4977	0.4804	0.4622	0.4432	0.4233	0.4026	0.381	0.3586	0.3354	0.3113	0.2864	0.2606	0.234	0.2065	0.1782	0.1491	0.1191
F10Mile	10Mile	1	16.09344	2961	0.6525	0.6924	0.7301	0.7656	0.7989	0.83	0.8589	0.8856	0.9101	0.9324	0.9525	0.9715	0.9905	1	1	1	1	1	1	1	1	1	1	1	1	0.9997	0.9989	0.9975	0.9956	0.9931	0.9901	0.9865	0.9823	0.9776	0.9724	0.9666	0.9602	0.9533	0.9458	0.9378	0.9293	0.9201	0.9105	0.9003	0.8898	0.8793	0.8688	0.8583	0.8478	0.8373	0.8268	0.8163	0.8058	0.7953	0.7848	0.7743	0.7638	0.7533	0.7428	0.7323	0.7218	0.7113	0.7008	0.6903	0.6798	0.6693	0.6588	0.6483	0.6378	0.6273	0.6168	0.6063	0.5954	0.5837	0.5713	0.5579	0.5438	0.5288	0.513	0.4964	0.479	0.4607	0.4416	0.4217	0.401	0.3794	0.357	0.3338	0.3097	0.2849	0.2592	0.2326	0.2053	0.1771	0.1481	0.1183
F20km	20km	1	20	3700	0.6525	0.6924	0.7301	0.7656	0.7989	0.83	0.8589	0.8856	0.9101	0.9324	0.9525	0.9715	0.9905	1	1	1	1	1	1	1	1	1	1	1	1	0.9997	0.9989	0.9975	0.9956	0.9931	0.9901	0.9865	0.9823	0.9776	0.9724	0.9666	0.9602	0.9533	0.9458	0.9378	0.9293	0.9201	0.9105	0.9003	0.8898	0.8793	0.8688	0.8583	0.8478	0.8373	0.8268	0.8163	0.8058	0.7953	0.7848	0.7743	0.7638	0.7533	0.7428	0.7323	0.7218	0.7113	0.7008	0.6903	0.6798	0.6693	0.6588	0.6483	0.6378	0.6273	0.6168	0.606	0.5945	0.5823	0.5692	0.5554	0.5408	0.5255	0.5093	0.4924	0.4747	0.4563	0.4371	0.4171	0.3963	0.3748	0.3525	0.3294	0.3055	0.2809	0.2555	0.2293	0.2023	0.1746	0.1461	0.1169
FHalfMarathon	HalfMarathon	1	21.0975	3912	0.5945	0.6382	0.6793	0.7178	0.7537	0.787	0.8177	0.8458	0.8713	0.8942	0.9145	0.9335	0.9525	0.9696	0.9829	0.9924	0.9981	1	1	1	1	1	1	1	1	0.9997	0.9989	0.9975	0.9956	0.9931	0.9901	0.9865	0.9823	0.9776	0.9724	0.9666	0.9602	0.9533	0.9458	0.9378	0.9293	0.9201	0.9105	0.9003	0.8898	0.8793	0.8688	0.8583	0.8478	0.8373	0.8268	0.8163	0.8058	0.7953	0.7848	0.7743	0.7638	0.7533	0.7428	0.7323	0.7218	0.7113	0.7008	0.6903	0.6798	0.6693	0.6588	0.6483	0.6378	0.6273	0.6168	0.6059	0.5942	0.5818	0.5687	0.5548	0.5401	0.5246	0.5084	0.4915	0.4738	0.4553	0.436	0.416	0.3953	0.3738	0.3515	0.3284	0.3046	0.2801	0.2548	0.2287	0.2018	0.1742	0.1459	0.1168
F25km	25km	1	25	4665	0.6525	0.6924	0.7301	0.7656	0.7989	0.83	0.8589	0.8856	0.9101	0.9324	0.9525	0.9715	0.9905	1	1	1	1	1	1	1	1	1	1	1	1	0.9997	0.9989	0.9975	0.9955	0.993	0.9899	0.9863	0.9821	0.9774	0.972	0.9662	0.9597	0.9528	0.9452	0.9371	0.9284	0.9192	0.9094	0.8991	0.8885	0.8778	0.8672	0.8566	0.846	0.8354	0.8247	0.8141	0.8035	0.7929	0.7822	0.7716	0.761	0.7504	0.7398	0.7291	0.7185	0.7079	0.6973	0.6866	0.676	0.6654	0.6548	0.6441	0.6335	0.6229	0.6123	0.6011	0.5891	0.5764	0.5629	0.5486	0.5335	0.5177	0.5011	0.4838	0.4657	0.4468	0.4271	0.4067	0.3855	0.3635	0.3407	0.3172	0.293	0.2679	0.2421	0.2155	0.1881	0.16	0.1311	0.1014
F30km	30km	1	30	5660	0.6525	0.6924	0.7301	0.7656	0.7989	0.83	0.8589	0.8856	0.9101	0.9324	0.9525	0.9715	0.9905	1	1	1	1	1	1	1	1	1	1	1	1	1	0.9998	0.9989	0.9975	0.9954	0.9928	0.9895	0.9857	0.9813	0.9762	0.9706	0.9643	0.9575	0.95	0.942	0.9333	0.9241	0.9142	0.9038	0.893	0.8822	0.8715	0.8607	0.85	0.8392	0.8285	0.8177	0.807	0.7962	0.7855	0.7747	0.764	0.7532	0.7424	0.7317	0.7209	0.7102	0.6994	0.6887	0.6779	0.6672	0.6564	0.6457	0.6349	0.6241	0.6133	0.6018	0.5894	0.5763	0.5625	0.5478	0.5323	0.5161	0.4991	0.4813	0.4628	0.4434	0.4233	0.4024	0.3807	0.3583	0.335	0.311	0.2862	0.2606	0.2342	0.2071	0.1792	0.1504	0.121	0.0907
FMarathon	Marathon	1	42.195	8125	0.693	0.7263	0.7578	0.7874	0.8152	0.8413	0.8654	0.8878	0.9084	0.9271	0.944	0.96	0.976	0.9893	0.9973	1	1	1	1	1	1	1	1	1	1	1	0.9998	0.9989	0.9974	0.9953	0.9926	0.9893	0.9854	0.9808	0.9757	0.9699	0.9635	0.9565	0.9489	0.9406	0.9318	0.9223	0.9122	0.9016	0.8906	0.8796	0.8686	0.8576	0.8466	0.8356	0.8246	0.8136	0.8026	0.7916	0.7806	0.7696	0.7586	0.7476	0.7366	0.7256	0.7146	0.7036	0.6926	0.6816	0.6706	0.6596	0.6486	0.6376	0.6266	0.6156	0.6042	0.592	0.579	0.5652	0.5506	0.5352	0.519	0.502	0.4842	0.4656	0.4462	0.426	0.405	0.3832	0.3606	0.3372	0.313	0.288	0.2622	0.2356	0.2082	0.18	0.151	0.1212	0.0906	0.0592

M100m	100m	0	0.1	9.79	0.5344	0.6441	0.7156	0.7678	0.8078	0.8403	0.8671	0.89	0.909	0.9253	0.9395	0.9523	0.9636	0.9732	0.9819	0.9899	0.9959	1	1	1	1	1	1	1	1	1	1	1	1	0.9968	0.9893	0.9823	0.9754	0.9684	0.9615	0.9545	0.948	0.9415	0.935	0.9285	0.922	0.9159	0.9099	0.9038	0.8978	0.8917	0.886	0.8803	0.8747	0.869	0.8633	0.858	0.8527	0.8473	0.842	0.8367	0.8317	0.8267	0.8217	0.8167	0.8117	0.807	0.8023	0.7975	0.7928	0.7881	0.7788	0.7695	0.7603	0.751	0.7417	0.7312	0.7208	0.7103	0.6999	0.6894	0.6778	0.6663	0.6547	0.6432	0.6316	0.6205	0.6093	0.5982	0.587	0.5759	0.5592	0.5425	0.5259	0.5092	0.4925	0.4423	0.3922	0.342	0.2919	0.2417
M200m	200m	0	0.2	19.32	0.5169	0.6129	0.6812	0.734	0.7765	0.8121	0.8426	0.8687	0.892	0.9126	0.9311	0.9475	0.9626	0.9763	0.9892	1	1	1	1	1	1	1	1	1	1	1	0.9959	0.9879	0.98	0.972	0.9641	0.9568	0.9494	0.9421	0.9347	0.9274	0.9206	0.9138	0.9071	0.9003	0.8935	0.8872	0.8809	0.8745	0.8682	0.8619	0.856	0.8501	0.8443	0.8384	0.8325	0.827	0.8215	0.816	0.8105	0.805	0.7999	0.7947	0.7896	0.7844	0.7793	0.7732	0.7671	0.761	0.7549	0.7488	0.7375	0.7263	0.715	0.7038	0.6925	0.6811	0.6697	0.6583	0.6469	0.6355	0.622	0.6086	0.5951	0.5817	0.5682	0.5488	0.5294	0.51	0.4906	0.4712	0.4527	0.4342	0.4158	0.3973	0.3788	0.3514	0.324	0.2965	0.2691	0.2417
M300m	300m	0	0.3	30	0.525	0.6137	0.6795	0.7315	0.7746	0.8108	0.842	0.8691	0.8931	0.9141	0.9328	0.9494	0.964	0.9772	0.9891	0.9993	1	1	1	1	1	1	1	1	1	1	0.9983	0.9904	0.9826	0.975	0.9671	0.96	0.9527	0.9455	0.9384	0.9311	0.9245	0.918	0.9113	0.9047	0.8979	0.8918	0.8855	0.8792	0.8731	0.8668	0.8611	0.8552	0.8496	0.8436	0.838	0.8324	0.8271	0.8217	0.8161	0.8108	0.8058	0.8006	0.7955	0.7905	0.7855	0.7766	0.7675	0.7583	0.7494	0.7404	0.728	0.7156	0.7032	0.6908	0.6784	0.6671	0.6557	0.6445	0.6332	0.6219	0.607	0.5921	0.5771	0.5623	0.5474	0.5287	0.5099	0.4912	0.4725	0.4537	0.4327	0.4117	0.3907	0.3697	0.3487	0.3273	0.3059	0.2845	0.2631	0.2417
M400m	400m	0	0.4	43.18	0.5331	0.6146	0.6777	0.7291	0.7725	0.8095	0.8416	0.8695	0.894	0.9156	0.9344	0.9511	0.9656	0.9783	0.989	0.9984	1	1	1	1	1	1	1	1	1	1	1	0.9929	0.9854	0.9778	0.9702	0.9632	0.9561	0.9491	0.942	0.935	0.9285	0.9219	0.9154	0.9088	0.9023	0.8962	0.8901	0.884	0.8779	0.8718	0.8661	0.8604	0.8547	0.849	0.8433	0.838	0.8326	0.8273	0.8219	0.8166	0.8116	0.8066	0.8016	0.7966	0.7916	0.7797	0.7677	0.7558	0.7438	0.7319	0.7184	0.7049	0.6913	0.6778	0.6643	0.6531	0.6419	0.6306	0.6194	0.6082	0.5919	0.5756	0.5592	0.5429	0.5266	0.5085	0.4904	0.4724	0.4543	0.4362	0.4127	0.3891	0.3656	0.342	0.3185	0.3031	0.2878	0.2724	0.2571	0.2417
M500m	500m	0	0.5	57.66	0.5387	0.6159	0.6769	0.7272	0.7701	0.807	0.8392	0.8673	0.8922	0.9139	0.933	0.9498	0.9644	0.977	0.9877	0.9969	0.9998	1	1	1	1	1	1	1	1	1	1	1	0.9935	0.9851	0.977	0.9694	0.9616	0.9542	0.9465	0.9389	0.932	0.9248	0.9179	0.9108	0.9038	0.8972	0.8906	0.8842	0.8778	0.8713	0.8651	0.8591	0.853	0.8469	0.8409	0.8353	0.8296	0.8239	0.8183	0.8127	0.8074	0.8021	0.7968	0.7916	0.7863	0.7754	0.7644	0.7534	0.7424	0.7314	0.7186	0.7057	0.6928	0.6799	0.6671	0.6559	0.6448	0.6335	0.6224	0.6112	0.5949	0.5785	0.5621	0.5458	0.5294	0.5104	0.4913	0.4724	0.4533	0.4343	0.4111	0.3879	0.3648	0.3416	0.3185	0.3031	0.2878	0.2724	0.2571	0.2417
M600m	600m	0	0.6	72.15	0.5443	0.6173	0.676	0.7253	0.7677	0.8045	0.8368	0.8652	0.8902	0.9123	0.9314	0.9485	0.9632	0.9758	0.9865	0.9954	0.9999	1	1	1	1	1	1	1	1	1	1	1	1	0.9926	0.9836	0.9755	0.9673	0.9591	0.9508	0.9428	0.9353	0.9277	0.9203	0.9127	0.9052	0.8983	0.8914	0.8844	0.8775	0.8706	0.8642	0.8577	0.8513	0.8449	0.8385	0.8325	0.8266	0.8206	0.8147	0.8087	0.8032	0.7977	0.7921	0.7866	0.7811	0.7711	0.761	0.751	0.741	0.731	0.7188	0.7066	0.6943	0.6821	0.6699	0.6588	0.6477	0.6365	0.6254	0.6143	0.5979	0.5815	0.565	0.5486	0.5322	0.5122	0.4922	0.4723	0.4523	0.4323	0.4096	0.3868	0.364	0.3412	0.3185	0.3031	0.2878	0.2724	0.2571	0.2417
M800m	800m	0	0.8	101.11	0.5555	0.6199	0.6743	0.7214	0.7628	0.7995	0.832	0.8608	0.8864	0.9089	0.9286	0.9458	0.9607	0.9732	0.9838	0.9925	0.9996	1	1	1	1	1	1	1	1	1	1	1	1	1	0.9971	0.9878	0.9785	0.9691	0.9598	0.9505	0.942	0.9335	0.9251	0.9166	0.9081	0.9003	0.8926	0.8848	0.8771	0.8693	0.8622	0.855	0.8479	0.8407	0.8336	0.827	0.8205	0.8139	0.8074	0.8008	0.7947	0.7887	0.7826	0.7766	0.7705	0.7624	0.7543	0.7462	0.7381	0.73	0.7191	0.7082	0.6972	0.6863	0.6754	0.6644	0.6534	0.6423	0.6313	0.6203	0.6038	0.5873	0.5708	0.5543	0.5378	0.5159	0.494	0.4722	0.4503	0.4284	0.4064	0.3844	0.3624	0.3404	0.3184	0.3031	0.2877	0.2724	0.257	0.2417
M1000m	1000m	0	1	130.5	0.5623	0.6216	0.6733	0.719	0.7598	0.7964	0.8293	0.8586	0.8847	0.9079	0.9282	0.9459	0.961	0.9739	0.9846	0.9934	1	1	1	1	1	1	1	1	1	1	1	1	1	1	0.9925	0.983	0.9735	0.964	0.9545	0.945	0.9364	0.9278	0.9191	0.9105	0.9019	0.894	0.8861	0.8783	0.8704	0.8625	0.8553	0.8481	0.8408	0.8336	0.8264	0.8198	0.8131	0.8065	0.7998	0.7932	0.7871	0.781	0.7748	0.7687	0.7626	0.7554	0.7483	0.7411	0.734	0.7268	0.7159	0.705	0.6941	0.6832	0.6723	0.6622	0.6521	0.642	0.6319	0.6218	0.606	0.5901	0.5743	0.5584	0.5426	0.521	0.4993	0.4777	0.456	0.4344	0.4112	0.3879	0.3647	0.3414	0.3182	0.3029	0.2876	0.2723	0.257	0.2417
M1500m	1500m	0	1.5	205.8	0.6526	0.6899	0.725	0.7579	0.7886	0.8171	0.8434	0.8675	0.8894	0.9091	0.9266	0.9419	0.955	0.967	0.979	0.9893	0.9961	0.9996	1	1	1	1	1	0.9999	0.9991	0.9975	0.9952	0.9922	0.9885	0.984	0.9788	0.9729	0.9662	0.9592	0.9521	0.9451	0.938	0.931	0.924	0.9169	0.9099	0.9028	0.8958	0.8888	0.8817	0.8747	0.8676	0.8606	0.8536	0.8465	0.8395	0.8324	0.8254	0.8184	0.8113	0.8043	0.7972	0.7902	0.7832	0.7761	0.7691	0.762	0.755	0.7479	0.7402	0.7319	0.723	0.7134	0.7031	0.6923	0.6808	0.6687	0.6559	0.6425	0.6285	0.6138	0.5985	0.5825	0.566	0.5488	0.5309	0.5124	0.4933	0.4735	0.4531	0.4321	0.4104	0.3881	0.3652	0.3416	0.3174	0.2926	0.2671	0.2409	0.2142	0.1868
MMile	1Mile	0	1.609344	222.6	0.6526	0.6899	0.725	0.7579	0.7886	0.8171	0.8434	0.8675	0.8894	0.9091	0.9266	0.9419	0.955	0.967	0.979	0.9893	0.9962	0.9996	1	1	1	1	1	0.9999	0.9991	0.9975	0.9952	0.9922	0.9885	0.984	0.9788	0.9729	0.9662	0.9592	0.9521	0.9451	0.938	0.931	0.924	0.9169	0.9099	0.9028	0.8958	0.8888	0.8817	0.8747	0.8676	0.8606	0.8536	0.8465	0.8395	0.8324	0.8254	0.8184	0.8113	0.8043	0.7972	0.7902	0.7832	0.7761	0.7691	0.762	0.755	0.7479	0.7402	0.7319	0.723	0.7134	0.7031	0.6923	0.6808	0.6687	0.6559	0.6425	0.6285	0.6138	0.5985	0.5825	0.566	0.5488	0.5309	0.5124	0.4933	0.4735	0.4531	0.4321	0.4104	0.3881	0.3652	0.3416	0.3174	0.2926	0.2671	0.2409	0.2142	0.1868
M2km	2km	0	2	283.2	0.6526	0.6899	0.725	0.7579	0.7886	0.8171	0.8434	0.8675	0.8894	0.9091	0.9266	0.9419	0.955	0.967	0.979	0.9893	0.9961	0.9996	1	1	1	1	1	0.9999	0.999	0.9975	0.9952	0.9922	0.9885	0.984	0.9788	0.9729	0.9662	0.9592	0.9521	0.9451	0.938	0.931	0.924	0.9169	0.9099	0.9028	0.8958	0.8888	0.8817	0.8747	0.8676	0.8606	0.8536	0.8465	0.8395	0.8324	0.8254	0.8184	0.8113	0.8043	0.7972	0.7902	0.7832	0.7761	0.7691	0.762	0.755	0.7479	0.7402	0.7319	0.723	0.7134	0.7031	0.6923	0.6808	0.6687	0.6559	0.6425	0.6285	0.6138	0.5985	0.5825	0.566	0.5488	0.5309	0.5124	0.4933	0.4735	0.4531	0.4321	0.4104	0.3881	0.3652	0.3416	0.3174	0.2926	0.2671	0.2409	0.2142	0.1868
M3km	3km	0	3	440	0.6526	0.6899	0.725	0.7579	0.7886	0.8171	0.8434	0.8675	0.8894	0.9091	0.9266	0.9419	0.955	0.967	0.979	0.9893	0.9962	0.9996	1	1	1	1	1	0.9999	0.9991	0.9975	0.9952	0.9922	0.9885	0.984	0.9788	0.9729	0.9662	0.9592	0.9521	0.9451	0.938	0.931	0.924	0.9169	0.9099	0.9028	0.8958	0.8888	0.8817	0.8747	0.8676	0.8606	0.8536	0.8465	0.8395	0.8324	0.8254	0.8184	0.8113	0.8043	0.7972	0.7902	0.7832	0.7761	0.7691	0.762	0.755	0.7479	0.7402	0.7319	0.723	0.7134	0.7031	0.6923	0.6808	0.6687	0.6559	0.6425	0.6285	0.6138	0.5985	0.5825	0.566	0.5488	0.5309	0.5124	0.4933	0.4735	0.4531	0.4321	0.4104	0.3881	0.3652	0.3416	0.3174	0.2926	0.2671	0.2409	0.2142	0.1868
M2Mile	2Mile	0	3.218688	474.6	0.6526	0.6899	0.725	0.7579	0.7886	0.8171	0.8434	0.8675	0.8894	0.9091	0.9266	0.9419	0.955	0.967	0.979	0.9893	0.9961	0.9996	1	1	1	1	1	0.9999	0.9991	0.9975	0.9952	0.9922	0.9885	0.984	0.9788	0.9729	0.9662	0.9592	0.9521	0.9451	0.938	0.931	0.924	0.9169	0.9099	0.9028	0.8958	0.8888	0.8817	0.8747	0.8676	0.8606	0.8536	0.8465	0.8395	0.8324	0.8254	0.8184	0.8113	0.8043	0.7972	0.7902	0.7832	0.7761	0.7691	0.762	0.755	0.7479	0.7402	0.7319	0.723	0.7134	0.7031	0.6923	0.6808	0.6687	0.6559	0.6425	0.6285	0.6138	0.5985	0.5825	0.566	0.5488	0.5309	0.5124	0.4933	0.4735	0.4531	0.4321	0.4104	0.3881	0.3652	0.3416	0.3174	0.2926	0.2671	0.2409	0.2142	0.1868
M4km	4km	0	4	598	0.6526	0.6899	0.725	0.7579	0.7886	0.8171	0.8434	0.8675	0.8894	0.9091	0.9266	0.9419	0.955	0.967	0.979	0.9893	0.9961	0.9996	1	1	1	1	1	0.9999	0.9991	0.9975	0.9952	0.9922	0.9885	0.984	0.9788	0.9729	0.9662	0.9592	0.9521	0.9451	0.938	0.931	0.924	0.9169	0.9099	0.9028	0.8958	0.8888	0.8817	0.8747	0.8676	0.8606	0.8536	0.8465	0.8395	0.8324	0.8254	0.8184	0.8113	0.8043	0.7972	0.7902	0.7832	0.7761	0.7691	0.762	0.755	0.7479	0.7402	0.7319	0.723	0.7134	0.7031	0.6923	0.6808	0.6687	0.6559	0.6425	0.6285	0.6138	0.5985	0.5825	0.566	0.5488	0.5309	0.5124	0.4933	0.4735	0.4531	0.4321	0.4104	0.3881	0.3652	0.3416	0.3174	0.2926	0.2671	0.2409	0.2142	0.1868
M3Mile	3Mile	0	4.828032	730	0.6526	0.6899	0.725	0.7579	0.7886	0.8171	0.8434	0.8675	0.8894	0.9091	0.9266	0.9419	0.955	0.967	0.979	0.9893	0.9961	0.9996	1	1	1	1	1	0.9999	0.9991	0.9975	0.9952	0.9922	0.9885	0.984	0.9788	0.9729	0.9662	0.9592	0.9521	0.9451	0.938	0.931	0.924	0.9169	0.9099	0.9028	0.8958	0.8888	0.8817	0.8747	0.8676	0.8606	0.8536	0.8465	0.8395	0.8324	0.8254	0.8184	0.8113	0.8043	0.7972	0.7902	0.7832	0.7761	0.7691	0.762	0.755	0.7479	0.7402	0.7319	0.723	0.7134	0.7031	0.6923	0.6808	0.6687	0.6559	0.6425	0.6285	0.6138	0.5985	0.5825	0.566	0.5488	0.5309	0.5124	0.4933	0.4735	0.4531	0.4321	0.4104	0.3881	0.3652	0.3416	0.3174	0.2926	0.2671	0.2409	0.2142	0.1868
M5kmRoad	5kmRoad	1	5	779	0.6062	0.6602	0.7102	0.7562	0.7982	0.8362	0.8702	0.9002	0.9262	0.9482	0.9662	0.9802	0.9922	0.9996	1	1	1	1	1	1	1	1	1	0.9997	0.9987	0.997	0.9947	0.9918	0.9882	0.9839	0.979	0.9734	0.9672	0.9605	0.9538	0.9471	0.9404	0.9337	0.927	0.9203	0.9136	0.9069	0.9002	0.8935	0.8868	0.8801	0.8734	0.8667	0.86	0.8533	0.8466	0.8399	0.8332	0.8265	0.8198	0.8131	0.8064	0.7997	0.793	0.7863	0.7796	0.7729	0.7662	0.7592	0.7515	0.7433	0.7344	0.7249	0.7147	0.704	0.6926	0.6806	0.668	0.6547	0.6408	0.6263	0.6112	0.5955	0.5791	0.5621	0.5445	0.5262	0.5074	0.4879	0.4678	0.447	0.4257	0.4037	0.3811	0.3578	0.334	0.3095	0.2844	0.2586	0.2323	0.2053
M5km	5km	0	5	757	0.6526	0.6899	0.725	0.7579	0.7886	0.8171	0.8434	0.8675	0.8894	0.9091	0.9266	0.9419	0.955	0.967	0.979	0.9893	0.9961	0.9996	1	1	1	1	1	0.9999	0.9991	0.9975	0.9952	0.9922	0.9885	0.984	0.9788	0.9729	0.9662	0.9592	0.9521	0.9451	0.938	0.931	0.924	0.9169	0.9099	0.9028	0.8958	0.8888	0.8817	0.8747	0.8676	0.8606	0.8536	0.8465	0.8395	0.8324	0.8254	0.8184	0.8113	0.8043	0.7972	0.7902	0.7832	0.7761	0.7691	0.762	0.755	0.7479	0.7402	0.7319	0.723	0.7134	0.7031	0.6923	0.6808	0.6687	0.6559	0.6425	0.6285	0.6138	0.5985	0.5825	0.566	0.5488	0.5309	0.5124	0.4933	0.4735	0.4531	0.4321	0.4104	0.3881	0.3652	0.3416	0.3174	0.2926	0.2671	0.2409	0.2142	0.1868
M6kmRoad	6kmRoad	1	6	942	0.6056	0.6596	0.7096	0.7556	0.7976	0.8356	0.8696	0.8996	0.9256	0.9476	0.9656	0.9796	0.9916	0.9993	1	1	1	1	1	1	1	1	1	1	0.9995	0.9983	0.9965	0.994	0.9908	0.987	0.9824	0.9773	0.9714	0.9649	0.958	0.9511	0.9442	0.9373	0.9304	0.9235	0.9166	0.9096	0.9027	0.8958	0.8889	0.882	0.8751	0.8682	0.8613	0.8544	0.8475	0.8406	0.8337	0.8268	0.8199	0.813	0.8061	0.7992	0.7923	0.7854	0.7785	0.7715	0.7646	0.7577	0.7501	0.7419	0.7331	0.7237	0.7136	0.7028	0.6915	0.6795	0.6668	0.6535	0.6396	0.625	0.6098	0.594	0.5775	0.5604	0.5427	0.5243	0.5052	0.4856	0.4653	0.4443	0.4228	0.4005	0.3777	0.3542	0.3301	0.3053	0.2799	0.2538	0.2272	0.1998
M6km	6km	0	6	919	0.6526	0.6899	0.725	0.7579	0.7886	0.8171	0.8434	0.8675	0.8894	0.9091	0.9266	0.9419	0.955	0.967	0.979	0.9893	0.9961	0.9996	1	1	1	1	1	0.9999	0.9991	0.9975	0.9952	0.9922	0.9885	0.984	0.9788	0.9729	0.9662	0.9592	0.9521	0.9451	0.938	0.931	0.924	0.9169	0.9099	0.9028	0.8958	0.8888	0.8817	0.8747	0.8676	0.8606	0.8536	0.8465	0.8395	0.8324	0.8254	0.8184	0.8113	0.8043	0.7972	0.7902	0.7832	0.7761	0.7691	0.762	0.755	0.7479	0.7402	0.7319	0.723	0.7134	0.7031	0.6923	0.6808	0.6687	0.6559	0.6425	0.6285	0.6138	0.5985	0.5825	0.566	0.5488	0.5309	0.5124	0.4933	0.4735	0.4531	0.4321	0.4104	0.3881	0.3652	0.3416	0.3174	0.2926	0.2671	0.2409	0.2142	0.1868
M4MileRoad	4MileRoad	1	6.437376	1014	0.6056	0.6596	0.7096	0.7556	0.7976	0.8356	0.8696	0.8996	0.9256	0.9476	0.9656	0.9796	0.9916	0.9993	1	1	1	1	1	1	1	1	1	1	0.9997	0.9987	0.9971	0.9948	0.9918	0.9881	0.9837	0.9787	0.973	0.9666	0.9597	0.9527	0.9457	0.9387	0.9318	0.9248	0.9178	0.9108	0.9038	0.8968	0.8899	0.8829	0.8759	0.8689	0.8619	0.8549	0.8479	0.841	0.834	0.827	0.82	0.813	0.806	0.7991	0.7921	0.7851	0.7781	0.7711	0.7641	0.7571	0.7495	0.7412	0.7323	0.7228	0.7126	0.7018	0.6903	0.6782	0.6655	0.6521	0.6381	0.6235	0.6082	0.5923	0.5758	0.5586	0.5407	0.5223	0.5032	0.4834	0.463	0.442	0.4204	0.3981	0.3751	0.3516	0.3273	0.3025	0.277	0.2509	0.2241	0.1967
M4Mile	4Mile	0	6.437376	990	0.6526	0.6899	0.725	0.7579	0.7886	0.8171	0.8434	0.8675	0.8894	0.9091	0.9266	0.9419	0.955	0.967	0.979	0.9893	0.9961	0.9996	1	1	1	1	1	0.9999	0.9991	0.9975	0.9952	0.9922	0.9885	0.984	0.9788	0.9729	0.9662	0.9592	0.9521	0.9451	0.938	0.931	0.924	0.9169	0.9099	0.9028	0.8958	0.8888	0.8817	0.8747	0.8676	0.8606	0.8536	0.8465	0.8395	0.8324	0.8254	0.8184	0.8113	0.8043	0.7972	0.7902	0.7832	0.7761	0.7691	0.762	0.755	0.7479	0.7402	0.7319	0.723	0.7134	0.7031	0.6923	0.6808	0.6687	0.6559	0.6425	0.6285	0.6138	0.5985	0.5825	0.566	0.5488	0.5309	0.5124	0.4933	0.4735	0.4531	0.4321	0.4104	0.3881	0.3652	0.3416	0.3174	0.2926	0.2671	0.2409	0.2142	0.1868
M8kmRoad	8kmRoad	1	8	1272	0.6056	0.6596	0.7096	0.7556	0.7976	0.8356	0.8696	0.8996	0.9256	0.9476	0.9656	0.9796	0.9916	0.9993	1	1	1	1	1	1	1	1	1	1	1	0.9996	0.9986	0.9968	0.9944	0.9913	0.9874	0.9829	0.9777	0.9719	0.9653	0.9581	0.9509	0.9436	0.9364	0.9292	0.922	0.9147	0.9075	0.9003	0.893	0.8858	0.8786	0.8714	0.8641	0.8569	0.8497	0.8424	0.8352	0.828	0.8208	0.8135	0.8063	0.7991	0.7918	0.7846	0.7774	0.7702	0.7629	0.7557	0.7482	0.7401	0.7314	0.722	0.7119	0.7012	0.6899	0.6779	0.6653	0.652	0.638	0.6235	0.6082	0.5923	0.5758	0.5586	0.5408	0.5223	0.5032	0.4835	0.463	0.442	0.4203	0.3979	0.3749	0.3512	0.3269	0.302	0.2764	0.2501	0.2232	0.1957
M8km	8km	0	8	1247	0.6526	0.6899	0.725	0.7579	0.7886	0.8171	0.8434	0.8675	0.8894	0.9091	0.9266	0.9419	0.955	0.967	0.979	0.9893	0.9961	0.9996	1	1	1	1	1	0.9999	0.9991	0.9975	0.9952	0.9922	0.9885	0.984	0.9788	0.9729	0.9662	0.9592	0.9521	0.9451	0.938	0.931	0.924	0.9169	0.9099	0.9028	0.8958	0.8888	0.8817	0.8747	0.8676	0.8606	0.8536	0.8465	0.8395	0.8324	0.8254	0.8184	0.8113	0.8043	0.7972	0.7902	0.7832	0.7761	0.7691	0.762	0.755	0.7479	0.7402	0.7319	0.723	0.7134	0.7031	0.6923	0.6808	0.6687	0.6559	0.6425	0.6285	0.6138	0.5985	0.5825	0.566	0.5488	0.5309	0.5124	0.4933	0.4735	0.4531	0.4321	0.4104	0.3881	0.3652	0.3416	0.3174	0.2926	0.2671	0.2409	0.2142	0.1868
M5MileRoad	5MileRoad	1	8.04672	1279	0.6056	0.6596	0.7096	0.7556	0.7976	0.8356	0.8696	0.8996	0.9256	0.9476	0.9656	0.9796	0.9916	0.9993	1	1	1	1	1	1	1	1	1	1	1	0.9996	0.9986	0.9969	0.9944	0.9913	0.9875	0.983	0.9778	0.972	0.9654	0.9582	0.951	0.9438	0.9365	0.9293	0.9221	0.9148	0.9076	0.9004	0.8931	0.8859	0.8787	0.8714	0.8642	0.8569	0.8497	0.8425	0.8352	0.828	0.8208	0.8135	0.8063	0.7991	0.7918	0.7846	0.7774	0.7701	0.7629	0.7557	0.7482	0.7401	0.7314	0.722	0.7119	0.7012	0.6899	0.6779	0.6653	0.652	0.638	0.6235	0.6082	0.5924	0.5758	0.5587	0.5409	0.5224	0.5033	0.4835	0.4631	0.442	0.4203	0.398	0.375	0.3513	0.327	0.3021	0.2765	0.2502	0.2234	0.1958
M5Mile	5Mile	0	8.04672	1255	0.6526	0.6899	0.725	0.7579	0.7886	0.8171	0.8434	0.8675	0.8894	0.9091	0.9266	0.9419	0.955	0.967	0.979	0.9893	0.9961	0.9996	1	1	1	1	1	0.9999	0.9991	0.9975	0.9952	0.9922	0.9885	0.984	0.9788	0.9729	0.9662	0.9592	0.9521	0.9451	0.938	0.931	0.924	0.9169	0.9099	0.9028	0.8958	0.8888	0.8817	0.8747	0.8676	0.8606	0.8536	0.8465	0.8395	0.8324	0.8254	0.8184	0.8113	0.8043	0.7972	0.7902	0.7832	0.7761	0.7691	0.762	0.755	0.7479	0.7402	0.7319	0.723	0.7134	0.7031	0.6923	0.6808	0.6687	0.6559	0.6425	0.6285	0.6138	0.5985	0.5825	0.566	0.5488	0.5309	0.5124	0.4933	0.4735	0.4531	0.4321	0.4104	0.3881	0.3652	0.3416	0.3174	0.2926	0.2671	0.2409	0.2142	0.1868
M10kmRoad	10kmRoad	1	10	1603	0.6056	0.6596	0.7096	0.7556	0.7976	0.8356	0.8696	0.8996	0.9256	0.9476	0.9656	0.9796	0.9916	0.9993	1	1	1	1	1	1	1	1	1	1	1	1	0.9996	0.9984	0.9966	0.9941	0.9908	0.9869	0.9822	0.9769	0.9708	0.964	0.9566	0.9491	0.9417	0.9342	0.9267	0.9192	0.9117	0.9043	0.8968	0.8893	0.8818	0.8743	0.8669	0.8594	0.8519	0.8444	0.8369	0.8295	0.822	0.8145	0.807	0.7995	0.7921	0.7846	0.7771	0.7696	0.7621	0.7547	0.7471	0.7391	0.7305	0.7211	0.7112	0.7005	0.6892	0.6772	0.6646	0.6513	0.6374	0.6228	0.6075	0.5916	0.575	0.5577	0.5398	0.5213	0.502	0.4821	0.4616	0.4404	0.4185	0.396	0.3728	0.3489	0.3244	0.2993	0.2734	0.247	0.2198	0.192
M10km	10km	0	10	1580	0.6526	0.6899	0.725	0.7579	0.7886	0.8171	0.8434	0.8675	0.8894	0.9091	0.9266	0.9419	0.955	0.967	0.979	0.9893	0.9961	0.9996	1	1	1	1	1	0.9999	0.9991	0.9975	0.9952	0.9922	0.9885	0.984	0.9788	0.9729	0.9662	0.9592	0.9521	0.9451	0.938	0.931	0.924	0.9169	0.9099	0.9028	0.8958	0.8888	0.8817	0.8747	0.8676	0.8606	0.8536	0.8465	0.8395	0.8324	0.8254	0.8184	0.8113	0.8043	0.7972	0.7902	0.7832	0.7761	0.7691	0.762	0.755	0.7479	0.7402	0.7319	0.723	0.7134	0.7031	0.6923	0.6808	0.6687	0.6559	0.6425	0.6285	0.6138	0.5985	0.5825	0.566	0.5488	0.5309	0.5124	0.4933	0.4735	0.4531	0.4321	0.4104	0.3881	0.3652	0.3416	0.3174	0.2926	0.2671	0.2409	0.2142	0.1868
M12km	12km	1	12	1942	0.6056	0.6596	0.7096	0.7556	0.7976	0.8356	0.8696	0.8996	0.9256	0.9476	0.9656	0.9796	0.9916	0.9993	1	1	1	1	1	1	1	1	1	1	1	1	0.9998	0.9989	0.9973	0.995	0.992	0.9882	0.9838	0.9786	0.9727	0.9662	0.9589	0.9513	0.9438	0.9362	0.9287	0.9211	0.9136	0.906	0.8984	0.8909	0.8833	0.8758	0.8682	0.8607	0.8531	0.8456	0.838	0.8305	0.8229	0.8154	0.8078	0.8003	0.7927	0.7852	0.7776	0.77	0.7625	0.7549	0.7474	0.7395	0.731	0.7218	0.7119	0.7013	0.6901	0.6782	0.6656	0.6524	0.6385	0.6239	0.6087	0.5928	0.5762	0.5589	0.541	0.5224	0.5031	0.4832	0.4626	0.4413	0.4194	0.3968	0.3735	0.3495	0.3249	0.2996	0.2736	0.247	0.2197	0.1917
M15km	15km	1	15	2455	0.6056	0.6596	0.7096	0.7556	0.7976	0.8356	0.8696	0.8996	0.9256	0.9476	0.9656	0.9796	0.9916	0.9993	1	1	1	1	1	1	1	1	1	1	1	1	1	0.9994	0.998	0.996	0.9932	0.9898	0.9856	0.9807	0.975	0.9687	0.9616	0.954	0.9464	0.9387	0.9311	0.9235	0.9158	0.9082	0.9005	0.8929	0.8852	0.8776	0.87	0.8623	0.8547	0.847	0.8394	0.8317	0.8241	0.8165	0.8088	0.8012	0.7935	0.7859	0.7782	0.7706	0.763	0.7553	0.7477	0.7399	0.7315	0.7224	0.7127	0.7022	0.6911	0.6793	0.6668	0.6537	0.6398	0.6253	0.6101	0.5942	0.5776	0.5603	0.5424	0.5238	0.5045	0.4845	0.4638	0.4425	0.4204	0.3977	0.3743	0.3502	0.3255	0.3	0.2739	0.2471	0.2196	0.1914
M10Mile	10Mile	1	16.09344	2640	0.6056	0.6596	0.7096	0.7556	0.7976	0.8356	0.8696	0.8996	0.9256	0.9476	0.9656	0.9796	0.9916	0.9993	1	1	1	1	1	1	1	1	1	1	1	1	1	0.9995	0.9982	0.9963	0.9936	0.9902	0.9861	0.9813	0.9758	0.9695	0.9625	0.9549	0.9472	0.9396	0.9319	0.9242	0.9166	0.9089	0.9012	0.8935	0.8859	0.8782	0.8705	0.8629	0.8552	0.8475	0.8399	0.8322	0.8245	0.8168	0.8092	0.8015	0.7938	0.7862	0.7785	0.7708	0.7631	0.7555	0.7478	0.7401	0.7317	0.7227	0.713	0.7026	0.6915	0.6797	0.6673	0.6542	0.6403	0.6258	0.6106	0.5947	0.5782	0.5609	0.543	0.5244	0.505	0.485	0.4644	0.443	0.4209	0.3982	0.3748	0.3506	0.3258	0.3004	0.2742	0.2473	0.2198	0.1916
M20km	20km	1	20	3315	0.6056	0.6596	0.7096	0.7556	0.7976	0.8356	0.8696	0.8996	0.9256	0.9476	0.9656	0.9796	0.9916	0.9993	1	1	1	1	1	1	1	1	1	1	1	1	1	0.9998	0.9988	0.9972	0.9948	0.9916	0.9878	0.9832	0.9779	0.9719	0.9651	0.9577	0.9499	0.9422	0.9344	0.9266	0.9189	0.9111	0.9034	0.8956	0.8878	0.8801	0.8723	0.8646	0.8568	0.849	0.8413	0.8335	0.8258	0.818	0.8103	0.8025	0.7947	0.787	0.7792	0.7715	0.7637	0.7559	0.7482	0.7404	0.7322	0.7234	0.7138	0.7035	0.6926	0.6809	0.6686	0.6555	0.6418	0.6273	0.6122	0.5963	0.5798	0.5625	0.5446	0.5259	0.5066	0.4866	0.4658	0.4444	0.4223	0.3994	0.3759	0.3517	0.3267	0.3011	0.2748	0.2478	0.2201	0.1917
MHalfMarathon	HalfMarathon	1	21.0975	3503	0.6056	0.6596	0.7096	0.7556	0.7976	0.8356	0.8696	0.8996	0.9256	0.9476	0.9656	0.9796	0.9916	0.9993	1	1	1	1	1	1	1	1	1	1	1	1	1	0.9998	0.9989	0.9973	0.995	0.992	0.9882	0.9837	0.9784	0.9725	0.9658	0.9584	0.9506	0.9428	0.935	0.9273	0.9195	0.9117	0.9039	0.8961	0.8884	0.8806	0.8728	0.865	0.8572	0.8495	0.8417	0.8339	0.8261	0.8183	0.8106	0.8028	0.795	0.7872	0.7794	0.7717	0.7639	0.7561	0.7483	0.7405	0.7324	0.7236	0.714	0.7038	0.6929	0.6813	0.6689	0.6559	0.6422	0.6277	0.6126	0.5968	0.5802	0.563	0.5451	0.5265	0.5071	0.4871	0.4664	0.4449	0.4228	0.4	0.3764	0.3522	0.3273	0.3017	0.2753	0.2483	0.2206	0.1921
M25km	25km	1	25	4205	0.6056	0.6596	0.7096	0.7556	0.7976	0.8356	0.8696	0.8996	0.9256	0.9476	0.9656	0.9796	0.9916	0.9993	1	1	1	1	1	1	1	1	1	1	1	1	1	0.9998	0.9989	0.9973	0.995	0.992	0.9882	0.9837	0.9784	0.9725	0.9658	0.9584	0.9506	0.9428	0.935	0.9273	0.9195	0.9117	0.9039	0.8961	0.8884	0.8806	0.8728	0.865	0.8572	0.8495	0.8417	0.8339	0.8261	0.8183	0.8106	0.8028	0.795	0.7872	0.7794	0.7717	0.7639	0.7561	0.7483	0.7405	0.7324	0.7236	0.714	0.7038	0.6929	0.6813	0.6689	0.6559	0.6422	0.6277	0.6126	0.5968	0.5802	0.563	0.5451	0.5265	0.5071	0.4871	0.4664	0.4449	0.4228	0.4	0.3764	0.3522	0.3273	0.3017	0.2753	0.2483	0.2206	0.1921
M30km	30km	1	30	5110	0.6056	0.6596	0.7096	0.7556	0.7976	0.8356	0.8696	0.8996	0.9256	0.9476	0.9656	0.9796	0.9916	0.9993	1	1	1	1	1	1	1	1	1	1	1	1	1	0.9998	0.9989	0.9973	0.995	0.992	0.9882	0.9837	0.9784	0.9725	0.9658	0.9584	0.9506	0.9428	0.935	0.9273	0.9195	0.9117	0.9039	0.8961	0.8884	0.8806	0.8728	0.865	0.8572	0.8495	0.8417	0.8339	0.8261	0.8183	0.8106	0.8028	0.795	0.7872	0.7794	0.7717	0.7639	0.7561	0.7483	0.7405	0.7324	0.7236	0.714	0.7038	0.6929	0.6813	0.6689	0.6559	0.6422	0.6277	0.6126	0.5968	0.5802	0.563	0.5451	0.5265	0.5071	0.4871	0.4664	0.4449	0.4228	0.4	0.3764	0.3522	0.3273	0.3017	0.2753	0.2483	0.2206	0.1921
MMarathon	Marathon	1	42.195	7377	0.6056	0.6596	0.7096	0.7556	0.7976	0.8356	0.8696	0.8996	0.9256	0.9476	0.9656	0.9796	0.9916	0.9993	1	1	1	1	1	1	1	1	1	1	1	1	1	0.9998	0.9989	0.9973	0.995	0.992	0.9882	0.9837	0.9784	0.9725	0.9658	0.9584	0.9506	0.9428	0.935	0.9273	0.9195	0.9117	0.9039	0.8961	0.8884	0.8806	0.8728	0.865	0.8572	0.8495	0.8417	0.8339	0.8261	0.8183	0.8106	0.8028	0.795	0.7872	0.7794	0.7717	0.7639	0.7561	0.7483	0.7405	0.7324	0.7236	0.714	0.7038	0.6929	0.6813	0.6689	0.6559	0.6422	0.6277	0.6126	0.5968	0.5802	0.563	0.5451	0.5265	0.5071	0.4871	0.4664	0.4449	0.4228	0.4	0.3764	0.3522	0.3273	0.3017	0.2753	0.2483	0.2206	0.1921
